0.0920594990253449,0.0650958895683289,0.0920595169067383,0.772788190841675,0.0009444444,1,0,0,0
0.5,1
0.216396284103394,0.0602398335933685,0.0615609467029572,0.754969596862793,0.95,1,0,0,0
0,1
0.19234801530838,0.0737107396125793,0.0493897795677185,0.740971946716309,0.8597222,0,0,0,1
0.5,1
0.191112065315247,0.213157653808594,0.044629892706871,0.729455280303955,0.8242222,0,0,0,1
0,1
0.150987708568573,0.182247471809387,0.0466616600751877,0.726256418228149,0.7620555,0,0,0,1
0.5,1
0.155646467208862,0.173247456550598,0.0439719259738922,0.725599718093872,0.7495555,0,0,0,1
0.5,1
0.160693442821503,0.163497483730316,0.0410580545663834,0.726485061645508,0.736,0,0,0,1
0.5,1
0.165352177619934,0.154497492313385,0.0383683174848557,0.728760147094727,0.7236944,0,0,0,1
0.5,1
0.161444985866547,0.144747507572174,0.152421700954437,0.73275580406189,0.7106944,0,0,0,1
0.5,1
0.151406788825989,0.135747504234314,0.149731993675232,0.737790679931641,0.6991389,0,0,0,1
0.5,1
0.129628551006317,0.138364863395691,0.133711075782776,0.743026113510132,0.7139167,0,0,0,1
1,1
0.117383098602295,0.1433070063591,0.123495352268219,0.744328784942627,0.7366389,0,0,0,1
0.5,1
0.108453249931335,0.156020641326904,0.116104912757874,0.746497344970703,0.7482778,0,0,0,1
1,1
0.141125988960266,0.107163977622986,0.144005537033081,0.740496921539307,0.8448889,0,0,0,1
1,1
0.121265029907227,0.099328202009201,0.166906344890594,0.727766704559326,0.8780556,1,0,0,0
0.5,1
0.0948172867298126,0.101207423210144,0.291815948486328,0.715401601791382,0.9120556,1,0,0,0
1,1
0.0838629186153412,0.102383840084076,0.283953404426575,0.69874095916748,0.94025,1,0,0,0
0.5,1
0.0764909863471985,0.0933838427066803,0.278597378730774,0.682111978530884,0.9345834,1,0,0,0
0.5,1
0.0691190540790558,0.0843838274478912,0.273241400718689,0.665764570236206,0.9278056,1,0,0,0
0.5,1
0.0605364143848419,0.0813479959964752,0.264416575431824,0.648441791534424,0.9272222,1,0,0,0
1,1
0.0564746558666229,0.101425766944885,0.262480592727661,0.630955648422241,0.9728056,1,0,0,0
0.5,1
0.0506282031536102,0.0909258246421814,0.253477835655212,0.61178731918335,0.9682222,1,0,0,0
0.5,1
0.0456169426441193,0.0819258272647858,0.245761203765869,0.591296863555908,0.9611666,1,0,0,0
0.5,1
0.0481973528862,0.161269867420197,0.105113291740417,0.574867820739746,0.01113889,1,0,0,0
0.5,1
0.045283442735672,0.15151983499527,0.110160374641418,0.555431509017944,0.01486111,1,0,0,0
0.5,1
0.0425936758518219,0.142519807815552,0.246865487098694,0.537544727325439,0.02144444,1,0,0,0
0.5,1
0.0396797686815262,0.132769775390625,0.235990810394287,0.518382692337036,0.041,1,0,0,0
0.5,1
0.0775043070316315,0.0576759696006775,0.0860772788524628,0.759288549423218,0.0009722222,1,0,0,0
1,1
0.0506232917308807,0.0618034482002258,0.194447803497314,0.742395257949829,0.09597222,1,0,0,0
1,1
0.0450396448373795,0.219871473312378,0.188519251346588,0.731016492843628,0.1730278,0,0,1,0
0.5,1
0.0405694931745529,0.204187059402466,0.1830690741539,0.723208713531494,0.18425,0,0,1,0
1,1
0.0436397701501846,0.171212387084961,0.145609998703003,0.721501207351685,0.2562222,0,0,1,0
0.5,1
0.0412226229906082,0.161462426185608,0.149332082271576,0.723104619979858,0.2699445,0,0,1,0
0.5,1
0.03317990899086,0.162987244129181,0.159489190578461,0.723400402069092,0.2503056,0,0,1,0
0.5,1
0.0289320558309555,0.153237283229828,0.149948465824127,0.724275016784668,0.2639722,0,0,1,0
0.5,1
0.0231029108166695,0.170938754081726,0.133575761318207,0.725138139724731,0.2337778,0,0,1,0
0.5,1
0.118787741661072,0.161188817024231,0.125956928730011,0.723983907699585,0.2473889,0,0,1,0
0.5,1
0.11214348077774,0.15068873167038,0.117751896381378,0.724501466751099,0.2610556,0,0,1,0
0.5,1
0.106838738918304,0.124606537818909,0.114063370227814,0.723402690887451,0.2235556,0,0,1,0
0.5,1
0.103056049346924,0.105315947532654,0.114039969444275,0.72092547416687,0.2288889,0,0,1,0
0,1
0.114353597164154,0.0893587410449982,0.135245823860168,0.714792108535767,0.1731667,0,0,1,0
0.5,1
0.102836191654205,0.080358749628067,0.126991486549377,0.706451559066772,0.1863056,0,0,1,0
0.5,1
0.173135769367218,0.0754303932189941,0.0770844995975494,0.696422624588013,0.1226944,1,0,0,0
0.5,1
0.152478015422821,0.0664303779602051,0.0678871333599091,0.683933067321777,0.1333889,0,0,1,0
0.5,1
0.281062364578247,0.0694840669631958,0.0542965888977051,0.668703985214233,0.094,1,0,0,0
0.5,1
0.273298645019531,0.065761125087738,0.0465000241994858,0.652839183807373,0.09669445,1,0,0,0
0,1
0.271187829971313,0.0752806067466736,0.0419165968894959,0.635010433197021,0.06347223,1,0,0,0
0.5,1
0.10607682466507,0.175667154788971,0.043548396229744,0.616728210449219,0.02144444,1,0,0,0
0.5,1
0.109226167201996,0.167417144775391,0.0415031909942627,0.59879994392395,0.01544444,1,0,0,0
0.5,1
0.0860059440135956,0.238188791275024,0.0473493784666061,0.579383325576782,0.9836388,1,0,0,0
0.5,1
0.0860059022903442,0.229188823699951,0.0473494380712509,0.561505031585693,0.9790555,1,0,0,0
0.5,1
0.0860058546066284,0.218688797950745,0.0473494917154312,0.542245769500732,0.9700556,1,0,0,0
0.5,1
0.0860058128833771,0.209688830375671,0.0473495334386826,0.523343372344971,0.9479722,1,0,0,0
0.5,1
0.0825504243373871,0.0614311218261719,0.091681569814682,0.76528844833374,0.0009444444,1,0,0,0
1,1
0.0526820003986359,0.0707934856414795,0.19134224653244,0.747569274902344,0.1137222,1,0,0,0
1,1
0.0496997624635696,0.212784385681152,0.190777134895325,0.73947114944458,0.1801389,0,0,1,0
0.5,1
0.0454292237758636,0.204534387588501,0.183380377292633,0.732384777069092,0.1911667,0,0,1,0
0.5,1
0.0403822243213654,0.19478440284729,0.17463880777359,0.726060628890991,0.2038056,0,0,1,0
0.5,1
0.0499472767114639,0.159450221061707,0.117744040489197,0.726866388320923,0.2921389,0,0,1,0
0.5,1
0.185568380355835,0.149700176715851,0.118506705760956,0.732721138000488,0.3048611,0,0,1,0
0.5,1
0.163638198375702,0.144439339637756,0.146816945075989,0.738575410842895,0.2984722,0,0,1,0
0,1
0.14652373790741,0.141544675827026,0.144648575782776,0.741658067703247,0.2777222,0,0,1,0
0.5,1
0.133187401294708,0.147745728492737,0.126677966117859,0.744949197769165,0.2641667,0,0,1,0
0,1
0.124013757705688,0.15688658952713,0.116749179363251,0.743837690353394,0.2433333,0,0,1,0
0.5,1
0.121108293533325,0.13507844209671,0.114792823791504,0.741636323928833,0.2048056,0,0,1,0
0.5,1
0.128251338005066,0.109963345527649,0.12684999704361,0.73615345954895,0.1837778,0,0,1,0
0,1
0.12196456193924,0.0999011337757111,0.12975926399231,0.726375675201416,0.1702222,0,0,1,0
0.5,1
0.164860439300537,0.0917950630187988,0.10706102848053,0.714661026000977,0.1215,1,0,0,0
0.5,1
0.290536856651306,0.096375036239624,0.0826324582099915,0.699290943145752,0.07202778,1,0,0,0
0.5,1
0.279480004310608,0.0987949311733246,0.0735195338726044,0.683166170120239,0.06188889,1,0,0,0
0,1
0.27309398651123,0.106773865222931,0.0675648808479309,0.664137887954712,0.03230556,1,0,0,0
0.5,1
0.0876525223255158,0.154608356952667,0.0673584580421448,0.646212720870972,0.9907777,1,0,0,0
0.5,1
0.0686501443386078,0.231714177131653,0.069249027967453,0.628342533111572,0.9636667,1,0,0,0
0.5,1
0.073308789730072,0.222714161872864,0.0665593206882477,0.610882568359375,0.9579722,1,0,0,0
0.5,1
0.246860504150391,0.107354187965393,0.0555703520774841,0.593063354492188,0.9969722,1,0,0,0
0.5,1
0.23811891078949,0.0976042211055756,0.0505234181880951,0.57506742477417,0.9962778,1,0,0,0
0.5,1
0.229377317428589,0.0878542482852936,0.0454764902591705,0.554075336456299,0.9949167,1,0,0,0
0.5,1
0.22130811214447,0.0788542687892914,0.0408177852630615,0.536088752746582,0.9925833,1,0,0,0
0.5,1
0.213238906860352,0.0698543071746826,0.036159074306488,0.518125057220459,0.98625,1,0,0,0
0.5,1
0.0835742235183716,0.0590959012508392,0.0835742473602295,0.762288427352905,0.0009722222,1,0,0,0
0.5,1
0.207182550430298,0.0557070255279541,0.0521896600723267,0.741701602935791,0.9325834,1,0,0,0
0,1
0.19159380197525,0.0574697434902191,0.0427669286727905,0.727948904037476,0.8748888,0,0,0,1
0.5,1
0.187345683574677,0.0617648661136627,0.0367569953203201,0.715972852706909,0.8403889,0,0,0,1
0,1
0.186190950870514,0.19873925447464,0.033768829703331,0.709880685806274,0.7945833,0,0,0,1
0.5,1
0.129391491413116,0.168094110488892,0.0394596874713898,0.708143615722656,0.7135,0,0,0,1
0.5,1
0.130095386505127,0.159094095230103,0.0388258963823318,0.71249532699585,0.7016111,0,0,0,1
0.5,1
0.130857932567596,0.149344086647034,0.174447369575501,0.719113397598267,0.6882778,0,0,0,1
0.5,1
0.131503164768219,0.14109411239624,0.173866438865662,0.726527070999145,0.6766945,0,0,0,1
0.5,1
0.132207071781158,0.13209410905838,0.173232638835907,0.735073661804199,0.6659167,0,0,0,1
0.5,1
0.142866063117981,0.128090119361877,0.147705113887787,0.743395519256592,0.6815556,0,0,0,1
1,1
0.128453397750854,0.120342695713043,0.140182447433472,0.75037317276001,0.6866389,0,0,0,1
0.5,1
0.109227764606476,0.127393019199371,0.124536490440369,0.756121921539307,0.7030556,0,0,0,1
1,1
0.108303129673004,0.124920868873596,0.122239887714386,0.755461072921753,0.7996111,0,0,0,1
0.5,1
0.104382073879242,0.115920877456665,0.113433063030243,0.750161218643189,0.7879444,0,0,0,1
0.5,1
0.105726552009583,0.103378784656525,0.110345947742462,0.746703338623047,0.7860556,0,0,0,1
1,1
0.0971689343452454,0.0950834810733795,0.218243813514709,0.736538219451904,0.8838333,1,0,0,0
1,1
0.087010669708252,0.0889187633991241,0.22666928768158,0.723414659500122,0.8936667,1,0,0,0
0.5,1
0.0774699032306671,0.0791687726974487,0.201814842224121,0.708451700210571,0.8845834,1,0,0,0
0.5,1
0.06467444896698,0.0914632856845856,0.287163615226746,0.694321346282959,0.9260278,1,0,0,0
1,1
0.0587327420711517,0.0876542448997498,0.280860233306885,0.676235628128052,0.9365278,1,0,0,0
0.5,1
0.0527022778987885,0.0786542236804962,0.274162721633911,0.661155414581299,0.9303334,1,0,0,0
0.5,1
0.0461692839860916,0.0689042091369629,0.266907143592834,0.64372763633728,0.9213611,1,0,0,0
0.5,1
0.0406413584947586,0.0606541991233826,0.260767817497253,0.629433298110962,0.9119444,1,0,0,0
0.5,1
0.0380265235900879,0.0796608448028564,0.265595269203186,0.612806224822998,0.9450001,1,0,0,0
0.5,1
0.0337303191423416,0.0706608414649963,0.257163572311401,0.597437620162964,0.9361389,1,0,0,0
0.5,1
0.0372086852788925,0.192425692081451,0.109213829040527,0.578539514541626,0.9787778,1,0,0,0
0.5,1
0.0354684203863144,0.183425843715668,0.111609125137329,0.560744047164917,0.9728056,1,0,0,0
0.5,1
0.0462815344333649,0.218440818786621,0.0838590264320374,0.54134669303894,0.01522222,1,0,0,0
0.5,1
0.0477763295173645,0.209440779685974,0.0826485455036163,0.523484563827515,0.02552778,1,0,0,0
0.5,1
0.087816858291626,0.0620958983898163,0.0878168821334839,0.766788339614868,0.0009444444,1,0,0,0
0.5,1
0.196422028541565,0.0674483180046082,0.0527058899402618,0.748328399658203,0.9061667,1,0,0,0
0,1
0.16707558631897,0.201947784423828,0.0524858951568603,0.738597631454468,0.8060833,0,0,0,1
0.5,1
0.173683714866638,0.194447767734528,0.0495437830686569,0.734245920181274,0.7871667,0,0,0,1
0.5,1
0.181613397598267,0.185447764396667,0.0460132420063019,0.730737829208374,0.7752222,0,0,0,1
0.5,1
0.0955475807189941,0.164395678043365,0.210378623008728,0.734032964706421,0.6874167,0,0,0,1
0.5,1
0.0944379150867462,0.156145668029785,0.19982100725174,0.740832614898682,0.6774445,0,0,0,1
0.5,1
0.159589326381683,0.156164181232452,0.0449731409549713,0.746069622039795,0.7405277,0,0,0,1
0.5,1
0.150391972064972,0.14716420173645,0.152325630187988,0.747593927383423,0.7300556,0,0,0,1
0.5,1
0.141194581985474,0.138164234161377,0.148795092105865,0.75047435760498,0.7188333,0,0,0,1
0.5,1
0.124677121639252,0.145411503314972,0.134583628177643,0.751955413818359,0.7409722,0,0,0,1
0.5,1
0.114471006393433,0.14648939371109,0.126931917667389,0.753722810745239,0.7372222,0,0,0,1
1,1
0.107885563373566,0.160979473590851,0.119794917106628,0.752501487731934,0.7593889,0,0,0,1
0.5,1
0.118580365180969,0.11537321805954,0.128681790828705,0.749306488037109,0.8141389,0,0,0,1
1,1
0.120216882228851,0.104931616783142,0.122382199764252,0.741134071350098,0.8205278,0,0,0,1
0.5,1
0.110908639431,0.095093584060669,0.170783185958862,0.731510543823242,0.8676944,1,0,0,0
1,1
0.0857774794101715,0.109770047664642,0.290724110603333,0.716123914718628,0.9448056,1,0,0,0
0.5,1
0.0783912479877472,0.11086163520813,0.283379316329956,0.699261093139648,0.9483889,1,0,0,0
1,1
0.0792884349822998,0.181988918781281,0.0565746426582336,0.681421566009522,0.01461111,1,0,0,0
0.5,1
0.0753673434257507,0.17298891544342,0.066789573431015,0.66350564956665,0.01619444,1,0,0,0
0.5,1
0.064786434173584,0.0916214883327484,0.259482216835022,0.644264888763428,0.9564722,1,0,0,0
0.5,1
0.0584224343299866,0.0826214790344238,0.253118324279785,0.628453826904297,0.9510556,1,0,0,0
0.5,1
0.0569337844848633,0.130678772926331,0.114811265468597,0.609545850753784,0.004111111,1,0,0,0
0.5,1
0.0526859104633331,0.120928740501404,0.25388867855072,0.591552972793579,0.004888889,1,0,0,0
0.5,1
0.0462724566459656,0.0893910109996796,0.236441540718079,0.570583820343018,0.9874167,1,0,0,0
0.5,1
0.0470315098762512,0.157368266582489,0.107132792472839,0.552643299102783,0.01891667,1,0,0,0
1,1
0.0461483776569366,0.18614913225174,0.102074122428894,0.533858585357666,0.05394445,1,0,0,0
0.5,1
0.0439171701669693,0.177149128913879,0.240865039825439,0.517764711380005,0.1005,1,0,0,0
0.5,1
0.0835742235183716,0.0590959012508392,0.0835742473602295,0.760788440704346,0.0009722222,1,0,0,0
0.5,1
0.0597691893577576,0.0512465298175812,0.232055759429932,0.742821073532104,0.02636111,1,0,0,0
1,1
0.0426360696554184,0.06363126039505,0.190253031253815,0.727491569519043,0.1322778,0,0,1,0
1,1
0.0449856996536255,0.188274908065796,0.153891003131866,0.720966911315918,0.2271944,0,0,1,0
0.5,1
0.0408500015735626,0.181327784061432,0.175128602981567,0.719021701812744,0.2410278,0,0,1,0
0,1
0.0377285867929459,0.172327792644501,0.181254875659943,0.717842149734497,0.2445278,0,0,1,0
0.5,1
0.0343470573425293,0.162577724456787,0.17353447675705,0.718119621276855,0.2596667,0,0,1,0
0.5,1
0.0312256664037704,0.153577697277069,0.163927888870239,0.720153665542603,0.2735556,0,0,1,0
0.5,1
0.0259979784488678,0.150836586952209,0.147599291801453,0.721707201004028,0.2685833,0,0,1,0
0.5,1
0.124105226993561,0.153812265396118,0.131879436969757,0.724428653717041,0.2727778,0,0,1,0
0,1
0.1179967045784,0.151200103759766,0.123847937583923,0.725122022628784,0.2603333,0,0,1,0
0.5,1
0.111990940570831,0.150491809844971,0.116670143604279,0.726113700866699,0.24575,0,0,1,0
0,1
0.118074905872345,0.105862855911255,0.129907703399658,0.719891548156738,0.1752222,0,0,1,0
0.5,1
0.108873212337494,0.0976128458976746,0.127442193031311,0.712341356277466,0.1871111,0,0,1,0
0.5,1
0.135782611370087,0.0859212040901184,0.109954035282135,0.70457820892334,0.1492222,0,0,1,0
0,1
0.281232190132141,0.104232001304626,0.0775655806064606,0.690193843841553,0.05744445,1,0,0,0
0,1
0.275013256072998,0.101294255256653,0.0716256737709045,0.674305486679077,0.04458333,1,0,0,0
0.5,1
0.140764701366425,0.119399869441986,0.066482400894165,0.65554051399231,0.02455556,1,0,0,0
0,1
0.0921755075454712,0.150623166561127,0.0656222403049469,0.637571668624878,0.9906389,1,0,0,0
0.5,1
0.102390086650848,0.141623163223267,0.0617011845111847,0.619607400894165,0.98925,1,0,0,0
0.5,1
0.112604677677155,0.132623195648193,0.0577801406383514,0.601655530929565,0.9873888,1,0,0,0
0.5,1
0.251016664505005,0.122873163223267,0.053532350063324,0.582230472564697,0.9845278,1,0,0,0
0.5,1
0.24220974445343,0.113873171806335,0.049611297249794,0.565827035903931,0.9808055,1,0,0,0
0.5,1
0.234136772155762,0.105623161792755,0.0460170090198517,0.548003482818604,0.9740556,1,0,0,0
0.5,1
0.211755919456482,0.0581303238868713,0.0389500290155411,0.531676054000854,0.008833334,1,0,0,0
1,1
0.20505838394165,0.0491302907466888,0.0329195946455002,0.513891983032227,0.03544445,1,0,0,0
0.5,1
0.0903371870517731,0.0571641862392426,0.0731536269187927,0.756290197372437,0.9926111,1,0,0,0
0,1
0.195111548900604,0.0657474040985107,0.0489268660545349,0.739982509613037,0.8882223,1,0,0,0
0,1
0.19005264043808,0.0738163232803345,0.0439289599657059,0.729551124572754,0.8367777,0,0,0,1
0.5,1
0.184439861774445,0.215113377571106,0.0389823079109192,0.720745420455933,0.8258333,0,0,0,1
0,1
0.183760178089142,0.187790024280548,0.0364825665950775,0.716227436065674,0.7799723,0,0,0,1
0.5,1
0.174953305721283,0.178790044784546,0.032561519742012,0.713579034805298,0.7669722,0,0,0,1
0.5,1
0.166146445274353,0.169790041446686,0.028640478849411,0.712377405166626,0.7526389,0,0,0,1
0.5,1
0.157339596748352,0.160790061950684,0.0247194305062294,0.71283164024353,0.7393333,0,0,0,1
0.5,1
0.147798836231232,0.151040053367615,0.0204716339707375,0.714777708053589,0.7261944,0,0,0,1
0.5,1
0.138991987705231,0.142040073871613,0.125053942203522,0.718176317214966,0.7133889,0,0,0,1
0.5,1
0.130185103416443,0.133040082454681,0.121132910251617,0.723420858383179,0.7000278,0,0,0,1
0.5,1
0.113888335227966,0.153432476520538,0.108493041992188,0.728029537200928,0.738,0,0,0,1
1,1
0.10879054069519,0.130637407302856,0.102083444595337,0.727507781982422,0.7516111,0,0,0,1
0.5,1
0.138382041454315,0.0927225947380066,0.124599409103394,0.723155069351196,0.82925,0,0,0,1
1,1
0.0859854280948639,0.100285279750824,0.292901754379272,0.710319042205811,0.9204167,1,0,0,0
1,1
0.078911817073822,0.0920352935791016,0.288308072090149,0.695574140548706,0.923,1,0,0,0
0.5,1
0.0705486536026001,0.111488616466522,0.2779944896698,0.680789709091187,0.9503333,1,0,0,0
1,1
0.0689053475856781,0.144348168373108,0.0930816233158112,0.659903907775879,0.9992222,1,0,0,0
0.5,1
0.0653251886367798,0.136848151683807,0.10410031080246,0.644904088973999,0.9991389,1,0,0,0
0.5,1
0.0610289812088013,0.127848148345947,0.117322731018066,0.626904344558716,0.9990278,1,0,0,0
0.5,1
0.0567327916622162,0.118848156929016,0.257800698280334,0.60890474319458,0.9988611,1,0,0,0
0.5,1
0.0520785689353943,0.109098160266876,0.248666286468506,0.589405298233032,0.9986389,1,0,0,0
0.5,1
0.0477823674678802,0.100098145008087,0.240234637260437,0.571406126022339,0.9983056,1,0,0,0
0.5,1
0.0434861749410629,0.0910981357097626,0.231802892684937,0.553407573699951,0.99775,1,0,0,0
0.5,1
0.0391899675130844,0.0820981204509735,0.223371148109436,0.535410165786743,0.9966944,1,0,0,0
0.5,1
0.0352517813444138,0.0738481044769287,0.215642070770264,0.518916368484497,0.9941944,1,0,0,0
0.5,1
0.0656658232212067,0.064256626367569,0.212275886535645,0.762489461898804,0.05194445,1,0,0,0
1,1
0.05392906665802,0.246186494827271,0.18986668586731,0.749628257751465,0.14975,0,0,1,0
0.5,1
0.04823397397995,0.237186455726624,0.182833862304688,0.739461469650269,0.1593056,0,0,1,0
0.5,1
0.0430134743452072,0.228936457633972,0.176387095451355,0.730971717834473,0.16875,0,0,1,0
0.5,1
0.0375086963176727,0.20708212852478,0.169621229171753,0.722953033447266,0.1893889,0,0,1,0
0.5,1
0.0321526497602463,0.198082113265991,0.162249314785004,0.716898632049561,0.2015,0,0,1,0
0.5,1
0.0272429615259171,0.189832091331482,0.155491709709167,0.712523365020752,0.2131389,0,0,1,0
0.5,1
0.0246771395206451,0.159230411052704,0.155813133716583,0.712090921401977,0.25975,0,0,1,0
0.5,1
0.0207560613751411,0.150230383872986,0.147006249427795,0.713726472854614,0.2718333,0,0,1,0
0.5,1
0.125011539459229,0.140480315685272,0.137465453147888,0.71758279800415,0.2868889,0,0,1,0
0.5,1
0.12109043598175,0.13148033618927,0.128658604621887,0.722397947311401,0.29925,0,0,1,0
0.5,1
0.108453452587128,0.153376281261444,0.112463319301605,0.726932096481323,0.2613611,0,0,1,0
0,1
0.124178230762482,0.101714491844177,0.134300994873047,0.722872638702393,0.1733889,0,0,1,0
0,1
0.293130588531494,0.105201661586761,0.0943211674690247,0.708907985687256,0.07458334,1,0,0,0
0,1
0.281348657608032,0.10358738899231,0.0848484873771667,0.691940593719482,0.05425,1,0,0,0
0.5,1
0.275992703437805,0.0945873856544495,0.0774765968322754,0.675078535079956,0.05963889,1,0,0,0
0.5,1
0.113963794708252,0.129631078243256,0.0721793055534363,0.659359836578369,0.014,1,0,0,0
0,1
0.26455557346344,0.119881093502045,0.0667504608631134,0.639873838424683,0.006444444,1,0,0,0
0.5,1
0.256838893890381,0.110881090164185,0.0617392003536224,0.621890878677368,0.007361111,1,0,0,0
0.5,1
0.249765300750732,0.102631080150604,0.0571455597877502,0.605411243438721,0.0085,1,0,0,0
0.5,1
0.242048645019531,0.0936310708522797,0.0521342933177948,0.587442064285278,0.01019445,1,0,0,0
0.5,1
0.234332013130188,0.0846310377120972,0.0471230357885361,0.569488048553467,0.01272222,1,0,0,0
0.5,1
0.225329256057739,0.0741310119628906,0.0412765562534332,0.548582363128662,0.01788889,1,0,0,0
0.5,1
0.218255615234375,0.0658809840679169,0.0366828978061676,0.5322350025177,0.02625,1,0,0,0
0.5,1
0.210538959503174,0.0568809568881989,0.0316716313362122,0.514727354049683,0.05291666,1,0,0,0
0.5,1
0.0825135588645935,0.0583459079265595,0.0825135767459869,0.759288549423218,0.0009722222,1,0,0,0
0.5,1
0.0588749170303345,0.0504797697067261,0.232055759429932,0.739856863021851,0.03491667,1,0,0,0
1,1
0.0418850362300873,0.0625104010105133,0.190253031253815,0.725993156433105,0.1323333,0,0,1,0
1,1
0.0403344690799713,0.199289345741272,0.195012378692627,0.718560934066772,0.2021667,0,0,1,0
0.5,1
0.0364134341478348,0.190289354324341,0.186205530166626,0.713913631439209,0.2147778,0,0,1,0
0.5,1
0.032492396235466,0.181289350986481,0.177398657798767,0.710686492919922,0.2278889,0,0,1,0
0.5,1
0.0285713255405426,0.172289311885834,0.16859176158905,0.708943939208984,0.2412778,0,0,1,0
0.5,1
0.024650251865387,0.163289284706116,0.159784877300262,0.708722877502441,0.2548056,0,0,1,0
0.5,1
0.020729173719883,0.154289221763611,0.150978004932404,0.710027885437012,0.2682778,0,0,1,0
0.5,1
0.0168080970644951,0.145289182662964,0.142171144485474,0.712831449508667,0.2814722,0,0,1,0
0.5,1
0.121063554286957,0.135539162158966,0.132630336284637,0.71749267578125,0.2952778,0,0,1,0
0.5,1
0.108428335189819,0.153340780735016,0.116171252727509,0.72161283493042,0.25775,0,0,1,0
0,1
0.124147200584412,0.101689064502716,0.138884282112122,0.717174530029297,0.17,0,0,1,0
0,1
0.257836127281189,0.101144373416901,0.0989736914634705,0.705609321594238,0.08686111,1,0,0,0
0,1
0.273368787765503,0.119449687004089,0.0844635546207428,0.686879253387451,0.02402778,1,0,0,0
0.5,1
0.267004895210266,0.1104496717453,0.0780995905399322,0.669105291366577,0.02652778,1,0,0,0
0.5,1
0.102182102203369,0.134128713607788,0.0746835768222809,0.651232624053955,0.9945,1,0,0,0
0.5,1
0.125757992267609,0.125128710269928,0.0696723401546478,0.633244848251343,0.9937778,1,0,0,0
0.5,1
0.250908923149109,0.116128718852997,0.0646610856056213,0.615260696411133,0.9928334,1,0,0,0
0.5,1
0.243192267417908,0.107128715515137,0.0596498429775238,0.597282314300537,0.9915278,1,0,0,0
0.5,1
0.23194568157196,0.0841666102409363,0.0532594263553619,0.579304790496826,0.008333334,1,0,0,0
0.5,1
0.224912810325623,0.0751666367053986,0.0475643664598465,0.562833166122437,0.01041667,1,0,0,0
0.5,1
0.217879962921143,0.0661666512489319,0.0418693065643311,0.543392419815063,0.01480556,1,0,0,0
0.5,1
0.210261011123657,0.0564166724681854,0.0356996595859528,0.525519323348999,0.02413889,1,0,0,0
0.5,1
0.0888775110244751,0.0628458976745605,0.088877534866333,0.768288326263428,0.0009444444,1,0,0,0
0.5,1
0.255672717094421,0.0654585838317871,0.0837680697441101,0.772788190841675,0.0009444444,1,0,0,0
0,1
0.195150876045227,0.0768474698066711,0.0571871519088745,0.756475257873535,0.8885,1,0,0,0
0,1
0.190092372894287,0.23207414150238,0.0522807419300079,0.745989894866943,0.8376945,0,0,0,1
0.5,1
0.170428073406219,0.192240858078003,0.050993275642395,0.737446355819702,0.7846944,0,0,0,1
0.5,1
0.179018580913544,0.182490849494934,0.0471685290336609,0.733995294570923,0.7718889,0,0,0,1
0.5,1
0.177295815944672,0.173490846157074,0.0436379939317703,0.732203817367554,0.7598056,0,0,0,1
0.5,1
0.167331969738007,0.163740849494934,0.0398132503032684,0.731809902191162,0.7466111,0,0,0,1
0.5,1
0.156601703166962,0.153240823745728,0.035694295167923,0.733031845092773,0.7334445,0,0,0,1
0.5,1
0.147404301166534,0.144240844249725,0.143046712875366,0.735573101043701,0.7215,0,0,0,1
0.5,1
0.138973391056061,0.135990869998932,0.139810371398926,0.739427661895752,0.7098611,0,0,0,1
0.5,1
0.129009556770325,0.126240885257721,0.135985612869263,0.744534301757813,0.6986389,0,0,0,1
0.5,1
0.110127103328705,0.147987377643585,0.120206189155579,0.749812841415405,0.7367777,0,0,0,1
1,1
0.103429639339447,0.138987421989441,0.114175760746002,0.751004409790039,0.7338333,0,0,0,1
0.5,1
0.107854843139648,0.11504762172699,0.117570626735687,0.750393486022949,0.7902499,0,0,0,1
1,1
0.11430299282074,0.101022791862488,0.117823505401611,0.744668197631836,0.8044167,0,0,0,1
1,1
0.111110413074493,0.0910105466842651,0.152929759025574,0.734459781646729,0.8614722,0,0,0,1
0.5,1
0.0846214771270752,0.090324479341507,0.260436630249023,0.721510982513428,0.8931667,1,0,0,0
1,1
0.0723572790622711,0.0972327053546906,0.290215635299683,0.706466674804688,0.91925,1,0,0,0
1,1
0.0657957553863525,0.0981952607631683,0.28298704624176,0.686672210693359,0.9470556,1,0,0,0
0.5,1
0.0639114737510681,0.133886611461639,0.108451282978058,0.667520141601562,0.9859723,1,0,0,0
0.5,1
0.0618076980113983,0.157558405399323,0.0930148541927338,0.648099803924561,0.9925833,1,0,0,0
1,1
0.062465888261795,0.209012866020203,0.0803992807865143,0.630205297470093,0.01966667,1,0,0,0
0.5,1
0.0580579578876495,0.167400670051575,0.0937612175941467,0.610870265960693,0.01458333,1,0,0,0
0,1
0.0549365937709808,0.158400726318359,0.0998872935771942,0.594451332092285,0.01705555,1,0,0,0
0.5,1
0.0474979817867279,0.0995022118091583,0.242473745346069,0.57651629447937,0.9935555,1,0,0,0
0.5,1
0.0428437769412994,0.0897522270679474,0.233339357376099,0.555539608001709,0.99125,1,0,0,0
0.5,1
0.0385475754737854,0.0807522356510162,0.224907636642456,0.537578773498535,0.9873888,1,0,0,0
0.5,1
0.0338933557271957,0.0710022330284119,0.215773296356201,0.51819634437561,0.9757777,1,0,0,0
0.5,1
0.0656658232212067,0.064256626367569,0.212275886535645,0.762489461898804,0.05194445,1,0,0,0
1,1
0.0547467529773712,0.216534304618835,0.194139277935028,0.748812484741211,0.1588611,0,0,1,0
1,1
0.0577213704586029,0.184524881839752,0.131832122802734,0.743769931793213,0.2301389,0,0,1,0
0.5,1
0.0550316393375397,0.175524854660034,0.136490869522095,0.742181491851807,0.24175,0,0,1,0
0.5,1
0.0503964245319366,0.167616665363312,0.156392621994019,0.741946268081665,0.2544166,0,0,1,0
0,1
0.0456225007772446,0.161754477024078,0.165301537513733,0.741457557678223,0.2494445,0,0,1,0
0.5,1
0.152680563926697,0.152004516124725,0.155337774753571,0.742285299301148,0.2630833,0,0,1,0
0.5,1
0.141118443012238,0.155081033706665,0.139041531085968,0.743954229354858,0.2570278,0,0,1,0
0,1
0.132239472866058,0.156231570243835,0.127969205379486,0.742758989334106,0.2446111,0,0,1,0
0.5,1
0.126437091827393,0.146481537818909,0.119982969760895,0.742871809005737,0.2572222,0,0,1,0
0.5,1
0.120634710788727,0.13673152923584,0.111996722221375,0.744525718688965,0.2697778,0,0,1,0
0.5,1
0.113717138767242,0.152811479568481,0.103733563423157,0.74692759513855,0.2561667,0,0,1,0
0,1
0.1070148229599,0.130648744106293,0.0990488767623901,0.745618009567261,0.2435833,0,0,1,0
0.5,1
0.120349609851837,0.0985783338546753,0.117126250267029,0.742026090621948,0.1788333,0,0,1,0
0.5,1
0.161035752296448,0.0896654784679413,0.104577279090881,0.733200120925903,0.1486389,0,0,1,0
0,1
0.295318984985352,0.107751071453094,0.0801843464374542,0.717333936691284,0.05611111,1,0,0,0
0.5,1
0.290317606925964,0.116878962516785,0.0739592611789703,0.701900768280029,0.05213889,1,0,0,0
0,1
0.125460684299469,0.125242173671722,0.0697354376316071,0.681154632568359,0.02136111,1,0,0,0
0.5,1
0.0968643188476563,0.141773724555969,0.0676759600639343,0.664694166183472,0.005527778,1,0,0,0
0.5,1
0.111188304424286,0.132023751735687,0.0630217850208283,0.645207405090332,0.00625,1,0,0,0
0.5,1
0.0830094456672668,0.183198094367981,0.0635359585285187,0.627270412445068,0.9803889,1,0,0,0
0.5,1
0.0896458745002747,0.173448073863983,0.0601544857025147,0.607944297790527,0.9769445,1,0,0,0
0.5,1
0.10837813615799,0.140122151374817,0.0549671649932861,0.590079402923584,0.9818889,1,0,0,0
0.5,1
0.250384116172791,0.130372095108032,0.0511424124240875,0.569254302978516,0.9766389,1,0,0,0
0.5,1
0.240420246124268,0.120622062683105,0.0473176628351212,0.550040578842163,0.9680834,1,0,0,0
0.5,1
0.231222915649414,0.111622035503387,0.0437871307134628,0.532582235336304,0.9520278,1,0,0,0
0.5,1
0.221259069442749,0.101871991157532,0.0399623781442642,0.516154479980469,0.9070278,1,0,0,0
0.5,1
0.236544013023376,0.0581473171710968,0.0678176462650299,0.757797479629517,0.9841666,1,0,0,0
0,1
0.194237697124481,0.0776324093341827,0.0491247475147247,0.739892816543579,0.8611389,0,0,0,1
0,1
0.188209640979767,0.0741182804107666,0.044108659029007,0.730996227264404,0.8351945,0,0,0,1
0.5,1
0.151852178573608,0.184005558490753,0.0461625456809998,0.724940061569214,0.7653333,0,0,0,1
0.5,1
0.156899166107178,0.174255526065826,0.0432486742734909,0.723897552490234,0.7516944,0,0,0,1
0.5,1
0.175562751293182,0.171794986724854,0.0385387271642685,0.72434139251709,0.7474167,0,0,0,1
1,1
0.16483246088028,0.161294960975647,0.0344197630882263,0.724474000930786,0.7420833,0,0,0,1
0.5,1
0.154868626594543,0.151544976234436,0.0305950224399567,0.726477479934692,0.7275278,0,0,0,1
0.5,1
0.144904816150665,0.141794991493225,0.137653195858002,0.730023097991943,0.7143334,0,0,0,1
0.5,1
0.134941005706787,0.132044994831085,0.133828461170197,0.735117816925049,0.7016111,0,0,0,1
0.5,1
0.119025790691376,0.132755923271179,0.123010325431824,0.740889501571655,0.707,0,0,0,1
1,1
0.108783614635468,0.132808315753937,0.115304327011108,0.744566106796265,0.7122778,0,0,0,1
1,1
0.103767204284668,0.126665556430817,0.108603799343109,0.743982172012329,0.7665,0,0,0,1
0.5,1
0.11737654209137,0.0992274224758148,0.115729546546936,0.738430118560791,0.8127778,0,0,0,1
0.5,1
0.10803290605545,0.0884897589683533,0.148693954944611,0.727746152877808,0.86025,0,0,0,1
0.5,1
0.0830112159252167,0.0886056959629059,0.255480790138245,0.714820909500122,0.9015278,1,0,0,0
0.5,1
0.071564906835556,0.0961679339408874,0.287531876564026,0.699591493606567,0.9360556,1,0,0,0
0.5,1
0.0677009701728821,0.13078784942627,0.111671185493469,0.682765531539917,0.9726388,1,0,0,0
1,1
0.0685298204421997,0.19759486913681,0.0732088446617127,0.663316488265991,0.01344445,1,0,0,0
0.5,1
0.0656685769557953,0.189344894886017,0.0788243889808655,0.64538836479187,0.01505556,1,0,0,0
0.5,1
0.0593284845352173,0.136175787448883,0.10857230424881,0.625982332229614,0.008916667,1,0,0,0
0,1
0.0554074168205261,0.127175796031952,0.118787109851837,0.607982444763184,0.0006666667,1,0,0,0
0.5,1
0.0511595845222473,0.11742582321167,0.253673338890076,0.588482666015625,0.0008055556,1,0,0,0
0.5,1
0.0472385108470917,0.108425831794739,0.244866490364075,0.570482969284058,0.001,1,0,0,0
0.5,1
0.0429906785488129,0.0986758708953857,0.235325717926025,0.552483463287354,0.001333333,1,0,0,0
0.5,1
0.0393963605165482,0.0904258728027344,0.227252817153931,0.534484338760376,0.001972222,1,0,0,0
0.5,1
0.0348217755556107,0.0799259006977081,0.216978144645691,0.514987421035767,0.004083334,1,0,0,0
0.5,1
0.0674370467662811,0.0604624211788177,0.224501705169678,0.759356021881104,0.03477778,1,0,0,0
1,1
0.0509125471115112,0.0804576337337494,0.18986668586731,0.743636178970337,0.1499444,0,0,1,0
0.5,1
0.0452174633741379,0.0714576244354248,0.182833862304688,0.733499145507812,0.15975,0,0,1,0
0.5,1
0.0457104504108429,0.1820725440979,0.165589213371277,0.727233409881592,0.2305278,0,0,1,0
0.5,1
0.0425891220569611,0.173072516918182,0.171715176105499,0.72573504447937,0.2429722,0,0,1,0
0.5,1
0.0397278994321823,0.164822506904602,0.177330684661865,0.725564336776733,0.2534167,0,0,1,0
0.5,1
0.0366065710783005,0.155822479724884,0.166324102878571,0.726810646057129,0.2669167,0,0,1,0
0.5,1
0.14717298746109,0.146822416782379,0.156717479228973,0.729411792755127,0.2791944,0,0,1,0
0.5,1
0.131670594215393,0.150998783111572,0.135381698608398,0.732047367095947,0.2589722,0,0,1,0
0.5,1
0.127400064468384,0.142748761177063,0.127984952926636,0.733744049072266,0.2710555,0,0,1,0
0.5,1
0.117647099494934,0.154415214061737,0.114910233020782,0.736551380157471,0.2662778,0,0,1,0
0,1
0.111178660392761,0.14227637052536,0.109601151943207,0.735141849517822,0.2365278,0,0,1,0
0.5,1
0.104252052307129,0.127276027202606,0.104178702831268,0.734291791915894,0.2505833,0,0,1,0
0,1
0.107021307945251,0.10026388168335,0.112016808986664,0.730566263198853,0.2030555,0,0,1,0
0.5,1
0.144705998897552,0.0861161649227142,0.105134832859039,0.722402095794678,0.1401389,0,0,1,0
0.5,1
0.249589562416077,0.0865618526935577,0.0810962498188019,0.710508823394775,0.1081944,1,0,0,0
0,1
0.287385702133179,0.094463723897934,0.0702964723110199,0.694364738464355,0.06425,1,0,0,0
0.5,1
0.148661816120148,0.116385245323181,0.06480393409729,0.677774667739868,0.04508333,1,0,0,0
0,1
0.0528968811035156,0.272217202186584,0.0785019874572754,0.657209300994873,0.9516111,1,0,0,0
0.5,1
0.05439173579216,0.263217210769653,0.077291476726532,0.640135955810547,0.9456389,1,0,0,0
0.5,1
0.104393637180328,0.139857816696167,0.0609321177005768,0.620988082885742,0.99225,1,0,0,0
0.5,1
0.115459442138672,0.130107843875885,0.0566843152046204,0.601515436172485,0.9908056,1,0,0,0
0.5,1
0.252246332168579,0.121107852458954,0.0527632713317871,0.583551549911499,0.9889167,1,0,0,0
0.5,1
0.242705535888672,0.111357867717743,0.0485154747962952,0.564112663269043,0.9856945,1,0,0,0
0.5,1
0.233898639678955,0.102357864379883,0.0445944219827652,0.546212005615234,0.9804444,1,0,0,0
0.5,1
0.225091767311096,0.0933578729629517,0.0406733840703964,0.528425073623657,0.9692778,1,0,0,0
0.5,1
0.0909988343715668,0.0643458902835846,0.0909988522529602,0.771288251876831,0.0009444444,1,0,0,0
0.5,1
0.222171902656555,0.0575033307075501,0.0613788068294525,0.75334644317627,0.9671944,1,0,0,0
0,1
0.19423770904541,0.0764406621456146,0.048370623588562,0.738393783569336,0.8611111,0,0,0,1
0,1
0.197576642036438,0.201909565925598,0.0469112157821655,0.730704689025879,0.7991667,0,0,0,1
0.5,1
0.186196506023407,0.188753581047058,0.0439727067947388,0.725875997543335,0.7872222,0,0,0,1
0,1
0.142982995510101,0.170433616638184,0.0453455001115799,0.725758695602417,0.7403333,0,0,0,1
0.5,1
0.146418631076813,0.161433613300323,0.043114373087883,0.727551460266113,0.7279167,0,0,0,1
0.5,1
0.163309276103973,0.154371798038483,0.0395477890968323,0.730968475341797,0.7231112,0,0,0,1
1,1
0.162141311168671,0.145371794700623,0.153825306892395,0.733953380584717,0.7131667,0,0,0,1
0.5,1
0.152103126049042,0.136371827125549,0.151135587692261,0.739171361923218,0.7006667,0,0,0,1
0.5,1
0.141228425502777,0.126621854305267,0.148221719264984,0.745812273025513,0.6887778,0,0,0,1
0.5,1
0.115930962562561,0.141534209251404,0.125582003593445,0.749450826644897,0.7360278,0,0,0,1
0.5,1
0.107330417633057,0.131034183502197,0.119333326816559,0.751900482177734,0.7238889,0,0,0,1
0.5,1
0.103135025501251,0.132910430431366,0.113958179950714,0.75163369178772,0.7711111,0,0,0,1
0.5,1
0.111205351352692,0.106554889678955,0.11884640455246,0.748634624481201,0.8006945,0,0,0,1
1,1
0.121464419364929,0.0938820123672485,0.120141649246216,0.741866683959961,0.8066667,0,0,0,1
1,1
0.108611345291138,0.0848716378211975,0.134123289585114,0.731282806396484,0.8458334,0,0,0,1
0.5,1
0.0788812577724457,0.0879804611206055,0.294386553764343,0.719282102584839,0.9048056,1,0,0,0
0.5,1
0.0696914911270142,0.117106211185455,0.16277357339859,0.700917720794678,0.9641944,1,0,0,0
0.5,1
0.0643354713916779,0.108106207847595,0.285216021537781,0.684869384765625,0.9610833,1,0,0,0
0.5,1
0.0589794456958771,0.0991062045097351,0.277844166755676,0.666015243530273,0.9566389,1,0,0,0
0.5,1
0.0558975875377655,0.117098486423492,0.133115661144257,0.648695945739746,0.9684722,1,0,0,0
1,1
0.0526961147785187,0.120952725410461,0.125850188732147,0.629303932189941,0.9828611,1,0,0,0
0.5,1
0.0531865894794464,0.177964317798614,0.0964715540409088,0.612894773483276,0.9973889,1,0,0,0
1,1
0.0525042653083801,0.211788272857666,0.0922866821289063,0.59497184753418,0.01652778,1,0,0,0
0.5,1
0.0502730965614319,0.202788329124451,0.0957224011421204,0.577090549468994,0.02022222,1,0,0,0
0.5,1
0.0478560090065002,0.193038427829742,0.0994444191455841,0.557798194885254,0.02669444,1,0,0,0
0.5,1
0.0454389125108719,0.183288490772247,0.103166425228119,0.537245988845825,0.04058333,1,0,0,0
0.5,1
0.0414902478456497,0.13882771730423,0.235957455635071,0.52145471572876,0.05644444,1,0,0,0
0.5,1
0.0856955409049988,0.0605958998203278,0.0856955647468567,0.763788461685181,0.0009722222,1,0,0,0
0.5,1
0.0587768018245697,0.0526978492736816,0.224501705169678,0.745820999145508,0.02633333,1,0,0,0
1,1
0.0438458323478699,0.069290030002594,0.190452766418457,0.729539060592651,0.1413056,0,0,1,0
1,1
0.0424177795648575,0.19853937625885,0.194278478622437,0.722587108612061,0.2028056,0,0,1,0
0.5,1
0.03816998898983,0.188789355754852,0.184737718105316,0.717677307128906,0.21625,0,0,1,0
0.5,1
0.0350397765636444,0.1759148478508,0.1797727227211,0.714602565765381,0.2291389,0,0,1,0
1,1
0.0356149554252625,0.158179879188538,0.157967162132263,0.716522264480591,0.2765833,0,0,1,0
0.5,1
0.0333837777376175,0.149179911613464,0.161402904987335,0.720222997665405,0.2892778,0,0,1,0
0.5,1
0.151748895645142,0.139429914951324,0.165124917030334,0.725767993927002,0.3024444,0,0,1,0
0.5,1
0.132636892795563,0.140199720859528,0.137190723419189,0.729368305206299,0.28125,0,0,1,0
0.5,1
0.128389060497284,0.130449748039246,0.127649998664856,0.733945322036743,0.2941111,0,0,1,0
0.5,1
0.114468705654144,0.150891125202179,0.112287569046021,0.735588121414185,0.2560278,0,0,1,0
0.5,1
0.108858156204224,0.132899153232574,0.106483483314514,0.736649322509766,0.2439722,0,0,1,0
0,1
0.104680299758911,0.111735057830811,0.106181061267853,0.733358287811279,0.2224722,0,0,1,0
0.5,1
0.102629959583282,0.0961496829986572,0.108993864059448,0.730700063705444,0.2178611,0,0,1,0
0,1
0.181928038597107,0.0868436992168427,0.0926963984966278,0.722072649002075,0.1285833,1,0,0,0
0,1
0.295288467407227,0.0927222490310669,0.0759487688541412,0.706861209869385,0.07713889,1,0,0,0
0.5,1
0.0819115579128265,0.151951801776886,0.0725344300270081,0.690091562271118,0.01522222,1,0,0,0
0,1
0.0702509999275207,0.183395957946777,0.0719425559043884,0.672123527526855,0.9894167,1,0,0,0
0.5,1
0.0788414001464844,0.173645985126495,0.0681178331375122,0.652671957015991,0.9880833,1,0,0,0
0.5,1
0.086771035194397,0.164645957946777,0.0645873188972473,0.634728860855102,0.9865277,1,0,0,0
0.5,1
0.0947006285190582,0.155645966529846,0.0610567808151245,0.618295812606812,0.9847222,1,0,0,0
0.5,1
0.101969408988953,0.14739602804184,0.0578204929828644,0.600393152236938,0.9820556,1,0,0,0
0.5,1
0.109898972511292,0.138396072387695,0.0542900025844574,0.582531547546387,0.9782777,1,0,0,0
0.5,1
0.234059619903564,0.090289443731308,0.0467370480298996,0.563100147247315,0.001416667,1,0,0,0
0.5,1
0.22666289806366,0.0820394635200501,0.0424665659666061,0.546601057052612,0.001888889,1,0,0,0
0.5,1
0.218593668937683,0.0730394959449768,0.0378078639507294,0.528603076934814,0.002972222,1,0,0,0
0.5,1
0.0920594990253449,0.0650958895683289,0.0920595169067383,0.512109136581421,0.006222222,1,0,0,0
0.5,1
0.211425590515137,0.0608109414577484,0.0595059275627136,0.753569746017456,0.9413334,1,0,0,0
0,1
0.198036277294159,0.220880675315857,0.0508645057678223,0.740403032302856,0.8337778,0,0,0,1
0,1
0.192700755596161,0.205687880516052,0.0473635643720627,0.733533239364624,0.8060833,0,0,0,1
0.5,1
0.187700319290161,0.191816687583923,0.043911549448967,0.727940130233765,0.7944167,0,0,0,1
0,1
0.154701566696167,0.172451496124268,0.0445175021886826,0.726917314529419,0.7486944,0,0,0,1
0.5,1
0.159360301494598,0.163451516628265,0.041827780008316,0.727768325805664,0.7362778,0,0,0,1
0.5,1
0.164019072055817,0.154451501369476,0.0391380429267883,0.729771566390991,0.7250278,0,0,0,1
0.5,1
0.163066697120667,0.146201539039612,0.153639686107636,0.733255434036255,0.7130278,0,0,0,1
0.5,1
0.153028500080109,0.137201535701752,0.15094997882843,0.738036632537842,0.7014444,0,0,0,1
0.5,1
0.142153787612915,0.127451527118683,0.148036074638367,0.744592618942261,0.6894723,0,0,0,1
0.5,1
0.132115602493286,0.118451523780823,0.145346355438232,0.751821756362915,0.6790278,0,0,0,1
0.5,1
0.11655900478363,0.114057552814484,0.135325574874878,0.759290218353271,0.6783056,0,0,0,1
1,1
0.10022988319397,0.122365534305573,0.120149552822113,0.763458585739136,0.7178056,0,0,0,1
0.5,1
0.0916338324546814,0.117264676094055,0.113530206680298,0.768049049377441,0.7065833,0,0,0,1
1,1
0.094864284992218,0.113645088672638,0.116137325763702,0.767863893508911,0.7886944,0,0,0,1
0.5,1
0.0913337528705597,0.104645073413849,0.106939959526062,0.764102411270142,0.7782778,0,0,0,1
0.5,1
0.114447343349457,0.0894320785999298,0.141330242156982,0.758797550201416,0.8347222,0,0,0,1
1,1
0.0946714460849762,0.0811718583106995,0.145780849456787,0.747044610977173,0.8500278,0,0,0,1
0.5,1
0.0716301620006561,0.0916657626628876,0.308045363426208,0.734788656234741,0.9082778,1,0,0,0
1,1
0.066467821598053,0.111689400672913,0.303062415122986,0.717890882492065,0.9541112,1,0,0,0
0.5,1
0.0636743903160095,0.133390045166016,0.109180855751038,0.702103185653687,0.9588889,1,0,0,0
1,1
0.0652407944202423,0.188111627101898,0.0796639382839203,0.685663461685181,0.9999444,1,0,0,0
0.5,1
0.0618593037128449,0.178361642360687,0.0863005042076111,0.666163444519043,0.9999167,1,0,0,0
0.5,1
0.0587379395961761,0.169361639022827,0.0924265563488007,0.648163366317749,0.9999167,1,0,0,0
0.5,1
0.0558766841888428,0.161111700534821,0.0980421245098114,0.631663370132446,0.9999167,1,0,0,0
0.5,1
0.0527553260326386,0.152111721038818,0.104168164730072,0.613663482666016,0.9998888,1,0,0,0
0.5,1
0.0493738412857056,0.142361760139465,0.110804736614227,0.594163417816162,0.9998611,1,0,0,0
0.5,1
0.0462524652481079,0.133361744880676,0.11693080663681,0.576163482666016,0.9998333,1,0,0,0
0.5,1
0.043131098151207,0.124361765384674,0.251627635955811,0.559663438796997,0.9998055,1,0,0,0
0.5,1
0.0400097280740738,0.115361785888672,0.242021083831787,0.541663551330566,0.9997222,1,0,0,0
0.5,1
0.0368883520364761,0.10636180639267,0.232414555549622,0.523663520812988,0.9995,1,0,0,0
0.5,1
