0,0,0,0,0,0,0,1,0.777779303656684
1,0
0,0,0,0,0,0,0,0,0.611113188001845
1,0
0,0,0,0,0,0,0,0,0.444446860419379
1,0
0,0,0,0,0,0,0,0,0.263891326056586
1,0
0,0,0,0,0,0,0,0,0.0972247123718262
1,0
0,0,0,0,0,0,0,0,0.916669209798177
1,0
0,0,0,0,0,0,0,0,0.750002627902561
1,0
0,0,0,0,0,0,0,0,0.583336300320096
1,0
0,0,0,0,0,0,0,0,0.402780999077691
1,0
0,1,0,0,0,0,0,0,0.236114438374837
1,0
1,0,0,0,0,0,0,0,0.0555589093102349
1,0
0,0,0,0,0,0,0,1,0.861114501953125
1,0
0,0,0,0,0,0,0,1,0.694447962443034
1,0
0,0,0,0,0,0,0,0,0.51389291551378
1,0
0,0,0,0,0,0,0,0,0.347226291232639
1,0
0,0,0,0,0,0,0,0,0.166670884026421
1,0
0,0,0,0,0,0,0,0,4.22663158840603E-06
1,0
0,0,0,0,0,0,0,0,0.805560048421224
1,0
0,0,0,0,0,0,0,0,0.625004789564345
1,0
0,0,0,1,0,0,0,0,0.458338504367405
1,0
0,0,0,1,0,0,0,0,0.277782991197374
1,0
0,0,1,0,0,0,0,0,0.111116377512614
1,0
0,0,0,0,0,0,0,0,0.916672007242839
1,0
0,0,0,0,0,0,0,0,0.736116790771484
1,0
0,0,0,0,0,0,0,0,0.569450463189019
1,0
0,0,0,0,0,0,0,0,0.388895119561089
1,0
0,0,0,0,0,0,0,0,0.19445080227322
1,0
0,0,0,0,0,0,0,0,0.0138953606287638
1,0
0,0,0,0,0,0,1,0,0.83333986070421
1,0
1,0,0,0,0,1,0,0,0.652784559461806
1,0
0,0,0,0,1,0,0,1,0.458340623643663
1,0
0,0,0,1,0,0,1,0,0.27778508928087
1,0
0,0,1,0,0,0,1,0,0.111118486192491
1,0
0,0,0,0,0,1,0,0,0.930562930636936
1,0
0,0,0,0,1,0,0,0,0.76389651828342
1,0
0,0,0,1,0,0,0,1,0.569452412923177
1,0
0,0,1,0,0,0,1,0,0.388897069295247
1,0
0,1,1,0,0,0,1,0,0.20834157731798
1,0
1,1,0,0,0,1,0,0,0.0277860244115194
1,0
1,0,0,0,1,0,0,1,0.847230529785156
1,0
0,0,0,0,1,0,1,0,0.666675059000651
1,0
0,0,0,1,0,1,0,0,0.486120012071398
1,0
0,0,0,1,0,0,0,0,0.305564456515842
1,0
0,0,1,0,0,0,0,0,0.111120054456923
1,0
0,0,0,0,0,0,0,0,0.944453430175781
1,0
0,0,0,0,0,0,0,0,0.763897874620226
1,0
0,0,0,0,0,0,0,0,0.59723154703776
1,0
0,0,0,1,0,0,0,0,0.416676288180881
1,0
0,0,1,0,0,0,0,0,0.222231843736437
1,0
0,1,0,0,0,0,0,0,0.041676319970025
1,0
1,0,0,0,0,0,0,0,0.861120775010851
1,0
0,0,0,0,0,0,0,1,0.69445423550076
1,0
0,0,0,0,0,0,0,0,0.500010342068142
1,0
0,0,0,0,0,0,1,0,0.333343675401476
1,0
0,0,0,0,1,0,0,0,0.152788172827827
1,0
0,0,0,0,1,0,0,0,0.972232649061415
1,0
0,1,0,1,0,0,1,0,0.79167717827691
1,0
1,0,1,0,0,1,0,1,0.597233327229818
1,0
1,1,0,0,0,1,0,1,0.430566957261827
1,0
1,0,0,0,0,0,1,1,0.250011486477322
1,0
1,0,0,0,0,0,1,1,0.180567020840115
0.5,0
