0,0,0,0,0,0,0,0,0
0.5,0
0,0,0,0,0,0,0,0,0
0.5,0
0,0,0,0,0,0,0,0,0
0.5,0
0,0,0,0,0,0,0,0,0
0.5,0
0,0,0,0,0,0,0,0,0
0.5,0
0,0,0,0,0,0,0,0,0
0.5,0
0,0,0,0,0,0,0,0,0
0.5,0
0,0,0,0,0,0,0,0,0
0.5,0
0,0,0,0,0,0,0,1,0
0.5,0
0,0,0,0,0,0,0,1,0
0.5,0
1,0,0,0,0,0,0,0,0.176389280954997
0,0
0,1,0,0,0,0,0,0,0.183333757188585
0.5,0
1,0,0,0,0,0,0,0,0.0694452656639947
1,0
1,0,0,0,0,0,0,0,0.0250008742014567
0.5,1
1,0,0,0,0,0,0,0,0.0250008742014567
0.5,0
0,0,0,0,0,0,0,1,0.863889906141493
0.5,0
1,0,0,0,0,0,0,0,0.863889906141493
0.5,0
1,0,0,0,0,0,0,0,0.863889906141493
0.5,0
1,0,0,0,0,0,0,0,0.863889906141493
0.5,0
1,0,0,0,0,0,0,0,0.863889906141493
0.5,0
1,0,0,0,0,0,0,0,0.863889906141493
0.5,0
0,0,0,0,0,0,0,0,0.863889906141493
0.5,0
0,0,0,0,0,0,1,0,0.863889906141493
0.5,0
0,0,0,0,0,0,1,0,0.863889906141493
0.5,0
0,0,0,0,0,0,0,1,0.0527790970272488
0,0
1,0,0,0,0,0,0,0,0.108334753248427
0.5,0
1,0,0,0,0,0,0,0,0.108334753248427
0.5,1
1,0,0,0,0,0,0,0,0.0375015364752875
1,0
1,0,0,0,0,0,0,0,0.963890414767795
0.5,0
1,0,0,0,0,0,0,0,0.963890414767795
0.5,0
1,0,0,0,0,0,0,0,0.911112636990017
1,0
0,0,0,0,0,0,0,1,0.818057759602865
0.5,0
1,0,0,0,0,0,0,0,0.818057759602865
0.5,0
1,0,0,0,0,0,0,0,0.818057759602865
0.5,0
0,1,0,0,0,0,0,0,0.919446902804904
0,0
0,0,0,0,0,0,0,0,0.0625025378333198
0.5,0
0,0,0,0,0,0,0,1,0.0625025378333198
0.5,0
0,0,0,0,0,0,0,1,0.0625025378333198
0.5,0
0,0,0,1,0,0,0,1,0.0625025378333198
0.5,0
1,0,0,1,0,0,0,0,0.0625025378333198
0.5,1
1,0,0,0,1,0,0,0,0.0625025378333198
0.5,0
0,0,0,1,0,0,0,1,0.92639151679145
0.5,0
0,0,0,1,0,0,0,1,0.92639151679145
0.5,1
1,0,0,1,0,0,0,0,0.92639151679145
0.5,1
0,0,0,1,0,0,0,1,0.808336639404297
1,0
1,0,0,0,0,1,0,0,0.472233242458767
1,0
1,0,0,0,1,0,0,0,0.354177708095974
0.5,1
1,0,0,0,1,0,0,0,0.354177708095974
0.5,0
1,0,0,0,1,0,0,0,0.354177708095974
0.5,0
0,1,0,0,0,0,0,0,0.47501106262207
0,0
0,0,0,0,1,0,0,0,0.708349990844727
0.5,0
0,0,0,0,1,0,0,0,0.708349990844727
0.5,0
0,0,0,1,0,0,0,1,0.559742609659831
0.5,0
0,1,0,0,0,1,0,0,0.748635609944662
0,0
1,0,0,1,0,0,0,0,0.038915122879876
0.5,0
1,0,0,0,1,0,0,0,0.038915122879876
0.5,1
1,0,0,0,1,0,0,0,0.0305818054411146
1,0
0,1,0,0,0,0,1,0,0.693084038628472
1,0
1,0,0,0,0,1,0,0,0.536144807603624
1,0
0,1,0,0,0,1,0,0,0.530589421590169
0.5,0
0,1,0,0,0,1,0,0,0.530589421590169
0.5,0
0,0,0,1,0,0,0,1,0.247257529364692
0.5,0
0,1,0,1,0,0,0,1,0.247257529364692
0.5,0
1,1,0,0,0,0,0,0,0.305591095818414
0,0
0,0,0,1,0,0,0,0,0.477813212076823
0.5,0
0,1,0,0,0,0,0,0,0.15420299106174
1,0
0,0,1,0,0,0,0,1,0.848647732204861
1,0
0,0,0,0,0,1,0,1,0.51254399617513
1,0
1,0,0,0,0,0,1,0,0.665326605902778
0,0
1,0,1,0,0,0,0,0,0.806995052761502
0.5,0
0,0,0,1,0,0,0,0,0.940328809950087
0,0
0,0,0,0,0,1,0,0,0.112551212310791
0.5,0
0,0,0,0,1,0,0,0,0.998662567138672
1,0
0,0,1,0,0,0,0,0,0.693108918931749
1,0
1,0,0,0,0,0,0,0,0.366725370619032
0.5,1
1,0,1,0,0,0,0,0,0.366725370619032
0.5,0
1,0,1,0,0,0,0,0,0.366725370619032
0.5,1
0,0,1,0,0,0,0,0,0.366725370619032
0.5,0
0,0,1,0,0,0,0,0,0.366725370619032
0.5,0
1,1,0,0,0,0,0,0,0.141726101769341
0,0
0,0,0,1,1,0,0,1,0.477837795681424
0,0
0,1,0,0,0,1,1,0,0.783400132921007
0,0
1,0,1,1,0,0,0,1,0.94867909749349
0.5,1
0.5,0,0,1,0,0,0,0.5,0.938956875271267
1,0
1,0,0,0,0,0.5,0.5,0,0.604239061143663
1,0
1,1,0,0,0,1,1,0,0.600072479248047
0.5,1
0,1,0,0,0,0.5,0.5,0,0.600072479248047
0.5,0
1,0,0,0,1,0,0,1,0.365353308783637
0.5,0
1,0,0,0,0.5,0,0,0,0.365353308783637
0.5,1
1,0,0.5,0,0.5,0,0,0,0.365353308783637
0.5,0
1,0,1,0,1,0,0,0,0.365353308783637
0.5,0
1,0,1,0,0,0,0,0,0.365353308783637
0.5,0
0,1,0,1,0,0,0,0,0.463964419894748
0.5,0
0,0,0,0,1,0,0,0,0.559799575805664
0,0
0,0,0,0,0,0,0,1,0.865359157986111
0,0
0,0,0,0,0,0,0,1,0.911192660861545
1,0
0,0,0,0,0,0,1,0,0.745915815565321
0.5,0
0,1,0,0,0,0,0,0,0.0153620560963949
0,0
0,1,0,0,0,0,0,0,0.0389731831020779
0.5,1
0,1,0,0,0,0,0,0,0.997306569417318
1,0
1,0,0,0,0,0,0,0,0.808418273925781
0.5,0
1,0,0,0,0,0,0,0,0.808418273925781
0.5,0
0,0,0,0,0,0,0,0,0.808418273925781
0.5,0
0,0,0,0,0,0,0,0,0.808418273925781
0.5,0
0,0,0,0,0,0,0,0,0.808418273925781
0.5,0
0,1,0,0,0,0,0,0,0.808418273925781
0.5,0
1,0,0,0,1,0,0,0,0.644533072577582
1,0
1,0,0,0,1,0,0,0,0.602867465549045
0.5,1
0,0,0,0,1,0,0,0,0.602867465549045
0.5,0
1,0,0,0,1,0,0,0,0.602867465549045
0.5,0
1,0,0,0,0,1,0,0,0.607034259372287
0,0
0,0,1,0,0,0,0,1,0.857037777370877
0.5,0
1,0,1,0,0,0,0,0,0.857037777370877
0.5,1
1,0,1,0,0,0,0,0,0.857037777370877
0.5,0
1,0,0,1,0,0,0,0,0.857037777370877
0.5,0
0,0,0,1,0,0,0,0,0.857037777370877
0.5,0
0,0,0,1,0,0,0,0,0.857037777370877
0.5,0
0,0,0,0,1,0,0,0,0.857037777370877
0.5,0
0,0,0,0,1,0,1,0,0.857037777370877
0.5,0
0,0,0,1,0,1,0,1,0.0153711583879259
0,0
1,0,0,0,1,0,1,0,0.113982476128472
0.5,0
1,0,0,0,1,0,0,0,0.113982476128472
0.5,1
1,0,0,0,1,0,0,0,0.113982476128472
0.5,1
1,0,0,0,1,0,0,0,0.0167604274219937
1,0
1,0,0,0,1,0,0,0,0.99314931233724
0.5,0
1,0,0,0,1,0,0,0,0.99314931233724
0.5,0
0,0,1,0,1,1,0,0,0.120927238464355
0,0
0,0,0,0,1,1,0,1,0.323705440097385
0.5,0
0,0,0,0,1,0,1,1,0.323705440097385
0.5,1
0,1,0,0,0,1,0,1,0.483427556355794
0.5,0
1,1,0,0,0,0,0,0,0.483427556355794
0.5,1
1,1,0,0,0,0,0,0,0.483427556355794
0.5,0
0,1,0,0,0,0,0,0,0.483427556355794
0.5,0
1,0,0,0,0,0,0,0,0.334816551208496
0.5,0
1,0,0,0,0,0,0,0,0.334816551208496
0.5,0
0,0,0,0,0,0,0,0,0.334816551208496
0.5,0
0,0,0,0,0,0,0,0,0.334816551208496
0.5,0
0,0,0,0,0,0,0,0,0.0709283510843913
1,0
0,0,0,0,0,0,0,0,0.0542617003122966
0.5,0
0,0,0,0,0,0,0,0,0.0542617003122966
0.5,0
0,0,0,0,0,0,0,0,0.0542617003122966
0.5,0
0,0,0,0,0,0,0,0,0.0181506289376153
0.5,0
0,0,0,0,0,0,0,0,0.0181506289376153
0.5,0
0,0,0,0,0,0,0,0,0.0181506289376153
0.5,0
0,0,0,0,0,0,0,0,0.0181506289376153
0.5,0
0,0,0,0,0,0,0,0,0.0181506289376153
0.5,0
0,0,0,0,0,0,0,0,0.0181506289376153
0.5,0
0,0,0,0,0,0,0,1,0.0181506289376153
0.5,0
0,0,0,1,0,0,0,1,0.0181506289376153
0.5,0
0,0,0,1,0,0,0,1,0.0181506289376153
0.5,0
1,0,0,0,1,0,0,0,0.129261822170681
0.5,0
0,1,0,0,1,0,0,0,0.129261822170681
0.5,1
1,1,0,0,1,0,0,0,0.100095293256972
1,0
1,0,0,0,1,0,0,1,0.991762118869358
1,0
0,0,0,1,0,0,1,1,0.815373992919922
0.5,1
0,0,0,1,0,0,1,1,0.815373992919922
0.5,0
1,1,0,0,1,0,0,0,0.950096469455295
0.5,0
1,1,0,0,1,0,1,0,0.950096469455295
0.5,1
0,1,0,0,0,0.5,0.5,0,0.950096469455295
0.5,0
0,1,0,0,0,0.5,0,0.5,0.950096469455295
0.5,1
1,0,0,0,0,0,1,0,0.1042632844713
0,0
1,0,0,0,0,0,0,0,0.132041136423747
0.5,1
0,1,0,0,0,0,0,0,0.132041136423747
0.5,0
1,0,0,0,0,0,0,0,0.997319030761719
0.5,0
1,0,0,0,0,0,0,0,0.997319030761719
0.5,1
0,1,0,0,0,0,0,0,0.997319030761719
0.5,0
1,0,0,0,0,0,0,0,0.925096808539497
1,0
1,0,0,0,0,0,0,0,0.827874755859375
0.5,0
1,0,0,0,0,0,0,0,0.827874755859375
0.5,0
1,0,0,0,0,0,0,0,0.827874755859375
0.5,0
0,0,0,0,0,0,0,0,0.827874755859375
0.5,0
0,0,0,0,0,0,0,0,0.827874755859375
0.5,0
0,1,0,0,0,0,0,0,0.827874755859375
0.5,1
0,0,1,0,0,0,0,0,0.827874755859375
0.5,0
1,0,0,0,0,0,0,0,0.630656602647569
1,0
0,0,0,0,0,0,0,0,0.448715845743815
1,0
0,0,0,0,0,0,0,0,0.352882533603244
0.5,0
0,0,0,0,0,0,1,0,0.450104734632704
0,0
0,0,0,0,0,0,0,1,0.522327677408854
0.5,0
0,0,0,0,0,0,0,1,0.522327677408854
0.5,0
0,0,0,0,0,0,0,1,0.522327677408854
0.5,1
1,0,0,0,0,0,0,0,0.522327677408854
0.5,0
1,0,0,0,0,0,0,0,0.522327677408854
0.5,1
1,0,0,0,0,0,0,0,0.522327677408854
0.5,0
1,0,0,0,0,0,0,0,0.522327677408854
0.5,0
0,0,1,0,0,0,0,0,0.657053714328342
0.5,0
1,0,1,0,0,0,0,0,0.434836281670464
0.5,0
1,0,1,0,0,0,0,0,0.434836281670464
0.5,0
0,1,1,0,0,0,1,0,0.434836281670464
0.5,0
0,1,0,0,0,1,0,1,0.268170017666287
1,0
0,0,0,0,1,0,0,1,0.52928229437934
0,0
0,0,1,0,0,0,1,0,0.854288058810764
0.5,0
0,0,1,0,0,0,0,1,0.854288058810764
0.5,1
0,0,0,1,0,0,0,1,0.854288058810764
0.5,0
0,1,0,0,1,0,0,0,0.0265104240841336
0,0
0,1,0,0,0,1,0,0,0.0723437945048014
0.5,1
0,1,0,0,0,1,0,0,0.993177286783854
1,0
0,0,1,0,0,0,0,1,0.687623935275608
1,0
1,0,0,0,1,0,0,0,0.382074356079102
1,1
0,0,0,0,0,0,0,0,0.341796641879612
0.5,1
0,0,0,0,0,0,0,0,0.341796641879612
0.5,0
0,0,0,0,0,0,0,0,0.341796641879612
0.5,0
0,0,0,0,0,0,0,0,0.341796641879612
0.5,0
0,0,0,0,0,0,0,0,0.341796641879612
0.5,0
0,0,0,0,0,0,0,0,0.569576517740885
0,0
0,0,0,0,0,0,0,0,0.794580925835503
0.5,0
0,0,0,0,0,0,0,0,0.837637074788411
0,0
0,0,0,0,0,0,0,0,0.100137329101563
0.5,0
0,0,0,0,0,0,0,0,0.0890262285868327
1,0
0,0,0,0,0,0,0,0,0.99180416531033
0.5,0
0,0,0,0,0,0,0,0,0.99180416531033
0.5,0
0,0,0,0,0,0,0,0,0.99180416531033
0.5,0
0,0,0,0,0,0,0,0,0.99180416531033
0.5,0
0,0,0,0,0,0,0,0,0.99180416531033
0.5,0
0,0,0,0,0,0,0,0,0.99180416531033
0.5,0
0,0,0,0,0,0,0,0,0.99180416531033
0.5,0
0,0,0,0,0,0,0,1,0.99180416531033
0.5,0
0,0,0,1,0,0,0,1,0.99180416531033
0.5,0
0,0,0,1,0,0,0,1,0.99180416531033
0.5,0
1,0,0,0,1,0,0,0,0.0890264511108398
0.5,0
1,0,0,0,1,0,0,0,0.0890264511108398
0.5,1
0,1,0,0,1,0,0,0,0.0890264511108398
0.5,0
1,0,0,0,1,0,0,0,0.991804334852431
0.5,0
1,0,0,0,1,0,0,0,0.991804334852431
0.5,1
0,1,0,0,1,0,0,0,0.991804334852431
0.5,0
0,0,0,1,0,0,0,1,0.805693562825521
0.5,0
1,0,0,1,0,0,0,0,0.805693562825521
0.5,1
1,0,0,0,1,0,0,0,0.891805013020833
0,0
0,0,0,1,0,0,0,1,0.197360950046115
0,0
1,0,0,0,0,0,0,0,0.377916675143772
0.5,1
0,0,0,0,0,0,0,0,0.377916675143772
0.5,0
0,0,0,0,0,0,0,0,0.377916675143772
0.5,0
0,0,0,0,0,0,0,0,0.377916675143772
0.5,0
0,0,0,0,0,0,0,0,0.125139808654785
1,0
0,0,0,0,0,0,0,0,0.0737510522206624
0.5,0
0,0,0,0,0,0,0,0,0.0626399834950765
1,0
0,0,0,0,0,0,0,0,0.00430668791135152
0.5,0
0,0,0,0,0,0,0,0,0.00430668791135152
0.5,0
0,0,0,0,0,0,0,0,0.00430668791135152
0.5,0
0,0,0,0,0,0,0,0,0.00430668791135152
0.5,0
0,0,0,0,0,0,0,0,0.00430668791135152
0.5,0
0,0,0,0,0,0,0,0,0.00430668791135152
0.5,0
0,0,0,0,0,0,0,0,0.00430668791135152
0.5,0
0,0,0,0,0,0,0,0,0.00430668791135152
0.5,0
0,0,0,0,0,0,0,0,0.00430668791135152
0.5,0
0,0,0,0,0,0,0,0,0.00430668791135152
0.5,0
0,0,0,1,0,0,0,0,0.00430668791135152
0.5,0
0,0,1,0,0,0,0,0,0.907084486219618
1,0
1,0,0,0,0,0,0,0,0.662643093532986
0.5,0
1,0,0,0,0,0,0,0,0.662643093532986
0.5,0
0,1,0,0,0,0,0,0,0.662643093532986
0.5,1
0,1,0,0,0,0,0,0,0.662643093532986
0.5,0
1,0,0,0,0,0,0,0,0.489036983913845
0.5,1
0,0,0,0,0,0,0,0,0.489036983913845
0.5,0
0,0,0,0,0,0,0,0,0.489036983913845
0.5,0
0,0,0,0,0,0,0,0,0.548760732014974
0,0
0,0,0,0,0,0,1,0,0.884877098931207
0,0
0,0,0,0,0,0,0,1,0.0723771942986382
0.5,0
1,0,0,0,0,0,0,0,0.0723771942986382
0.5,0
1,0,0,0,0,0,0,0,0.0723771942986382
0.5,0
1,0,0,0,0,0,0,0,0.0723771942986382
0.5,1
0,0,0,0,0,0,0,0,0.0723771942986382
0.5,0
0,0,0,0,0,0,0,0,0.948766242133247
1,0
0,0,0,0,0,0,0,0,0.927932908799913
0.5,0
0,0,0,0,0,0,0,1,0
0.5,0
0,0,0,0,0,0,0,1,0
0.5,0
1,0,0,0,0,0,0,0,0
0.5,0
